0,0,2,0,0,2,0,0,0,2,0,0,0,0,0;0,0,0,0,0,0,0,0,0,2,0,0,0,0,0;0,0,0,0,0,0,0,0,1,0,0,0,0,0,0;0,0,2,0,0,0,*,0,0,0,0,1,0,0,0;2,0,0,0,0,0,-,0,0,0,_,_,_,0,1;0,0,0,0,0,0,-,0,0,0,0,0,0,0,0;0,0,0,0,0,0,0,0,0,0,0,0,0,0,0;1,2,2,0,0,0,0,0,0,0,1,0,0,2,0;0,0,0,2,0,0,0,0,0,0,0,0,0,0,0;0,1,0,0,0,0,0,0,0,0,0,0,0,2,0;1,0,0,0,0,0,0,0,2,2,0,2,2,0,0;1,0,0,0,0,2,2,2,0,2,2,0,2,0,0;0,0,0,0,0,0,0,2,0,0,0,0,0,0,0;0,2,0,0,0,0,2,0,0,0,0,0,0,0,0;2,0,0,0,0,0,0,2,0,0,0,2,1,0,0|(6, 3),(12, 4)
0,0,2,0,0,2,0,0,0,2,0,0,0,0,0;0,0,0,0,0,0,0,0,0,2,0,0,0,0,0;0,0,0,0,0,0,0,0,1,0,0,0,0,0,0;0,0,2,0,0,0,_,0,0,0,0,1,0,0,0;2,0,0,0,0,0,_,0,0,0,-,-,*,0,1;0,0,0,0,0,0,_,0,0,0,0,0,0,0,0;0,0,0,0,0,0,0,0,0,0,0,0,0,0,0;1,2,2,0,0,0,0,0,0,0,1,0,0,2,0;0,0,0,2,0,0,0,0,0,0,0,0,0,0,0;0,1,0,0,0,0,0,0,0,0,0,0,0,2,0;1,0,0,0,0,0,0,0,2,2,0,2,2,0,0;1,0,0,0,0,2,2,2,0,2,2,0,2,0,0;0,0,0,0,0,0,0,2,0,0,0,0,0,0,0;0,2,0,0,0,0,2,0,0,0,0,0,0,0,0;2,0,0,0,0,0,0,2,0,0,0,2,1,0,0|(6, 3),(12, 4)
0,0,2,0,0,2,0,0,0,2,0,0,0,0,0;0,0,0,0,0,0,0,0,0,2,0,0,0,0,0;0,0,0,0,0,0,0,0,1,0,0,0,0,0,0;0,0,2,0,0,*,-,0,0,0,0,1,0,0,0;2,0,0,0,0,0,-,0,0,0,0,_,_,0,1;0,0,0,0,0,0,0,0,0,0,0,0,_,0,0;0,0,0,0,0,0,0,0,0,0,0,0,0,0,0;1,2,2,0,0,0,0,0,0,0,1,0,0,2,0;0,0,0,2,0,0,0,0,0,0,0,0,0,0,0;0,1,0,0,0,0,0,0,0,0,0,0,0,2,0;1,0,0,0,0,0,0,0,2,2,0,2,2,0,0;1,0,0,0,0,2,2,2,0,2,2,0,2,0,0;0,0,0,0,0,0,0,2,0,0,0,0,0,0,0;0,2,0,0,0,0,2,0,0,0,0,0,0,0,0;2,0,0,0,0,0,0,2,0,0,0,2,1,0,0|(5, 3),(12, 5)
0,0,2,0,0,2,0,0,0,2,0,0,0,0,0;0,0,0,0,0,0,0,0,0,2,0,0,0,0,0;0,0,0,0,0,0,0,0,1,0,0,0,0,0,0;0,0,2,0,0,_,_,0,0,0,0,1,0,0,0;2,0,0,0,0,0,_,0,0,0,0,-,-,0,1;0,0,0,0,0,0,0,0,0,0,0,0,*,0,0;0,0,0,0,0,0,0,0,0,0,0,0,0,0,0;1,2,2,0,0,0,0,0,0,0,1,0,0,2,0;0,0,0,2,0,0,0,0,0,0,0,0,0,0,0;0,1,0,0,0,0,0,0,0,0,0,0,0,2,0;1,0,0,0,0,0,0,0,2,2,0,2,2,0,0;1,0,0,0,0,2,2,2,0,2,2,0,2,0,0;0,0,0,0,0,0,0,2,0,0,0,0,0,0,0;0,2,0,0,0,0,2,0,0,0,0,0,0,0,0;2,0,0,0,0,0,0,2,0,0,0,2,1,0,0|(5, 3),(12, 5)
0,0,2,0,0,2,0,0,0,2,0,0,0,0,0;0,0,0,0,0,0,0,0,0,2,0,0,0,0,0;0,0,0,0,0,*,0,0,1,0,0,0,0,0,0;0,0,2,0,0,-,-,0,0,0,0,1,0,0,0;2,0,0,0,0,0,0,0,0,0,0,0,_,0,1;0,0,0,0,0,0,0,0,0,0,0,0,_,_,0;0,0,0,0,0,0,0,0,0,0,0,0,0,0,0;1,2,2,0,0,0,0,0,0,0,1,0,0,2,0;0,0,0,2,0,0,0,0,0,0,0,0,0,0,0;0,1,0,0,0,0,0,0,0,0,0,0,0,2,0;1,0,0,0,0,0,0,0,2,2,0,2,2,0,0;1,0,0,0,0,2,2,2,0,2,2,0,2,0,0;0,0,0,0,0,0,0,2,0,0,0,0,0,0,0;0,2,0,0,0,0,2,0,0,0,0,0,0,0,0;2,0,0,0,0,0,0,2,0,0,0,2,1,0,0|(5, 2),(13, 5)
0,0,2,0,0,2,0,0,0,2,0,0,0,0,0;0,0,0,0,0,0,0,0,0,2,0,0,0,0,0;0,0,0,0,0,_,0,0,1,0,0,0,0,0,0;0,0,2,0,0,_,_,0,0,0,0,1,0,0,0;2,0,0,0,0,0,0,0,0,0,0,0,-,0,1;0,0,0,0,0,0,0,0,0,0,0,0,-,*,0;0,0,0,0,0,0,0,0,0,0,0,0,0,0,0;1,2,2,0,0,0,0,0,0,0,1,0,0,2,0;0,0,0,2,0,0,0,0,0,0,0,0,0,0,0;0,1,0,0,0,0,0,0,0,0,0,0,0,2,0;1,0,0,0,0,0,0,0,2,2,0,2,2,0,0;1,0,0,0,0,2,2,2,0,2,2,0,2,0,0;0,0,0,0,0,0,0,2,0,0,0,0,0,0,0;0,2,0,0,0,0,2,0,0,0,0,0,0,0,0;2,0,0,0,0,0,0,2,0,0,0,2,1,0,0|(5, 2),(13, 5)
0,0,2,0,0,2,0,0,0,2,0,0,0,0,0;0,0,0,0,0,*,0,0,0,2,0,0,0,0,0;0,0,0,0,0,-,0,0,1,0,0,0,0,0,0;0,0,2,0,0,-,0,0,0,0,0,1,0,0,0;2,0,0,0,0,0,0,0,0,0,0,0,0,0,1;0,0,0,0,0,0,0,0,0,0,0,0,_,_,_;0,0,0,0,0,0,0,0,0,0,0,0,0,0,0;1,2,2,0,0,0,0,0,0,0,1,0,0,2,0;0,0,0,2,0,0,0,0,0,0,0,0,0,0,0;0,1,0,0,0,0,0,0,0,0,0,0,0,2,0;1,0,0,0,0,0,0,0,2,2,0,2,2,0,0;1,0,0,0,0,2,2,2,0,2,2,0,2,0,0;0,0,0,0,0,0,0,2,0,0,0,0,0,0,0;0,2,0,0,0,0,2,0,0,0,0,0,0,0,0;2,0,0,0,0,0,0,2,0,0,0,2,1,0,0|(5, 1),(14, 5)
0,0,2,0,0,2,0,0,0,2,0,0,0,0,0;0,0,0,0,0,_,0,0,0,2,0,0,0,0,0;0,0,0,0,0,_,0,0,1,0,0,0,0,0,0;0,0,2,0,0,_,0,0,0,0,0,1,0,0,0;2,0,0,0,0,0,0,0,0,0,0,0,0,0,1;0,0,0,0,0,0,0,0,0,0,0,0,-,-,*;0,0,0,0,0,0,0,0,0,0,0,0,0,0,0;1,2,2,0,0,0,0,0,0,0,1,0,0,2,0;0,0,0,2,0,0,0,0,0,0,0,0,0,0,0;0,1,0,0,0,0,0,0,0,0,0,0,0,2,0;1,0,0,0,0,0,0,0,2,2,0,2,2,0,0;1,0,0,0,0,2,2,2,0,2,2,0,2,0,0;0,0,0,0,0,0,0,2,0,0,0,0,0,0,0;0,2,0,0,0,0,2,0,0,0,0,0,0,0,0;2,0,0,0,0,0,0,2,0,0,0,2,1,0,0|(5, 1),(14, 5)
0,0,2,0,0,2,0,0,0,2,0,0,0,0,0;0,0,0,0,*,-,0,0,0,2,0,0,0,0,0;0,0,0,0,0,-,0,0,1,0,0,0,0,0,0;0,0,2,0,0,0,0,0,0,0,0,1,0,0,0;2,0,0,0,0,0,0,0,1,0,0,0,0,0,_;0,0,0,0,0,0,0,0,0,0,0,0,_,_,_;0,0,0,0,0,0,0,0,0,0,0,0,0,0,0;1,2,2,0,0,0,0,0,0,0,1,0,0,2,0;0,0,0,2,0,0,0,0,0,0,0,0,0,0,0;0,1,0,0,0,0,0,0,0,0,0,0,0,2,0;1,0,0,0,0,0,0,0,2,2,0,2,2,0,0;1,0,0,0,0,2,2,2,0,2,2,0,2,0,0;0,0,0,0,0,0,0,2,0,0,0,0,0,0,0;0,2,0,0,0,0,2,0,0,0,0,0,0,0,0;2,0,0,0,0,0,0,2,0,0,0,2,1,0,0|(4, 1),(14, 4)
0,0,2,0,0,2,0,0,0,2,0,0,0,0,0;0,0,0,0,_,_,0,0,0,2,0,0,0,0,0;0,0,0,0,0,_,0,0,1,0,0,0,0,0,0;0,0,2,0,0,0,0,0,0,0,0,1,0,0,0;2,0,0,0,0,0,0,0,1,0,0,0,0,0,*;0,0,0,0,0,0,0,0,0,0,0,0,-,-,-;0,0,0,0,0,0,0,0,0,0,0,0,0,0,0;1,2,2,0,0,0,0,0,0,0,1,0,0,2,0;0,0,0,2,0,0,0,0,0,0,0,0,0,0,0;0,1,0,0,0,0,0,0,0,0,0,0,0,2,0;1,0,0,0,0,0,0,0,2,2,0,2,2,0,0;1,0,0,0,0,2,2,2,0,2,2,0,2,0,0;0,0,0,0,0,0,0,2,0,0,0,0,0,0,0;0,2,0,0,0,0,2,0,0,0,0,0,0,0,0;2,0,0,0,0,0,0,2,0,0,0,2,1,0,0|(4, 1),(14, 4)
0,0,2,0,0,2,0,0,0,2,0,0,0,0,0;0,0,0,*,-,-,0,0,0,2,0,0,0,0,0;0,0,0,0,0,0,0,0,1,0,0,0,0,0,0;0,0,2,0,0,0,0,0,0,0,0,1,0,0,0;2,0,0,0,0,0,0,0,1,0,0,0,0,_,_;0,0,0,0,0,0,0,0,0,0,0,0,0,_,_;0,0,0,0,0,0,0,0,0,0,0,0,0,0,0;1,2,2,0,0,0,0,0,0,0,1,0,0,2,0;0,0,0,2,0,0,0,0,0,0,0,0,0,0,0;0,1,0,0,0,0,0,0,0,0,0,0,0,2,0;1,0,0,0,0,0,0,0,2,2,0,2,2,0,0;1,0,0,0,0,2,2,2,0,2,2,0,2,0,0;0,0,0,0,0,0,0,2,0,0,0,0,0,0,0;0,2,0,0,0,0,2,0,0,0,0,0,0,0,0;2,0,0,0,0,0,0,2,0,0,0,2,1,0,0|(3, 1),(13, 4)
0,0,2,0,0,2,0,0,0,2,0,0,0,0,0;0,0,0,_,_,_,0,0,0,2,0,0,0,0,0;0,0,0,0,0,0,0,0,1,0,0,0,0,0,0;0,0,2,0,0,0,0,0,0,0,0,1,0,0,0;2,0,0,0,0,0,0,0,1,0,0,0,0,*,-;0,0,0,0,0,0,0,0,0,0,0,0,0,-,-;0,0,0,0,0,0,0,0,0,0,0,0,0,0,0;1,2,2,0,0,0,0,0,0,0,1,0,0,2,0;0,0,0,2,0,0,0,0,0,0,0,0,0,0,0;0,1,0,0,0,0,0,0,0,0,0,0,0,2,0;1,0,0,0,0,0,0,0,2,2,0,2,2,0,0;1,0,0,0,0,2,2,2,0,2,2,0,2,0,0;0,0,0,0,0,0,0,2,0,0,0,0,0,0,0;0,2,0,0,0,0,2,0,0,0,0,0,0,0,0;2,0,0,0,0,0,0,2,0,0,0,2,1,0,0|(3, 1),(13, 4)
0,0,2,0,0,2,0,0,0,2,0,0,0,0,0;0,0,*,-,-,0,0,0,0,2,0,0,0,0,0;0,0,0,0,0,0,0,0,1,0,0,0,0,0,0;0,0,2,0,0,0,0,0,0,0,0,1,0,0,0;2,0,0,0,0,0,0,0,1,0,0,0,_,_,_;0,0,0,0,0,0,0,0,0,0,0,0,0,0,_;0,0,0,0,0,0,0,0,0,0,0,0,0,0,0;1,2,2,0,0,0,0,0,0,0,1,0,0,2,0;0,0,0,2,0,0,0,0,0,0,0,0,0,0,0;0,1,0,0,0,0,0,0,0,0,0,0,0,2,0;1,0,0,0,0,0,0,0,2,2,0,2,2,0,0;1,0,0,0,0,2,2,2,0,2,2,0,2,0,0;0,0,0,0,0,0,0,2,0,0,0,0,0,0,0;0,2,0,0,0,0,2,0,0,0,0,0,0,0,0;2,0,0,0,0,0,0,2,0,0,0,2,1,0,0|(2, 1),(12, 4)
0,0,2,0,0,2,0,0,0,2,0,0,0,0,0;0,0,_,_,_,0,0,0,0,2,0,0,0,0,0;0,0,0,0,0,0,0,0,1,0,0,0,0,0,0;0,0,2,0,0,0,0,0,0,0,0,1,0,0,0;2,0,0,0,0,0,0,0,1,0,0,0,*,-,-;0,0,0,0,0,0,0,0,0,0,0,0,0,0,-;0,0,0,0,0,0,0,0,0,0,0,0,0,0,0;1,2,2,0,0,0,0,0,0,0,1,0,0,2,0;0,0,0,2,0,0,0,0,0,0,0,0,0,0,0;0,1,0,0,0,0,0,0,0,0,0,0,0,2,0;1,0,0,0,0,0,0,0,2,2,0,2,2,0,0;1,0,0,0,0,2,2,2,0,2,2,0,2,0,0;0,0,0,0,0,0,0,2,0,0,0,0,0,0,0;0,2,0,0,0,0,2,0,0,0,0,0,0,0,0;2,0,0,0,0,0,0,2,0,0,0,2,1,0,0|(2, 1),(12, 4)
0,0,2,0,0,2,0,0,0,2,0,0,0,0,0;0,0,-,-,0,0,0,0,0,2,0,0,0,0,0;0,0,*,0,0,0,0,0,1,0,0,0,0,0,0;0,0,2,0,0,0,0,0,0,0,0,1,0,0,0;2,0,0,0,0,0,0,0,1,0,0,0,_,_,_;0,0,0,0,0,0,0,0,0,0,0,0,_,0,0;0,0,0,0,0,0,0,0,0,0,0,0,0,0,0;1,2,2,0,0,0,0,0,0,0,1,0,0,2,0;0,0,0,2,0,0,0,0,0,0,0,0,0,0,0;0,1,0,0,0,0,0,0,0,0,0,0,0,2,0;1,0,0,0,0,0,0,0,2,2,0,2,2,0,0;1,0,0,0,0,2,2,2,0,2,2,0,2,0,0;0,0,0,0,0,0,0,2,0,0,0,0,0,0,0;0,2,0,0,0,0,2,0,0,0,0,0,0,0,0;2,0,0,0,0,0,0,2,0,0,0,2,1,0,0|(2, 2),(12, 5)
0,0,2,0,0,2,0,0,0,2,0,0,0,0,0;0,0,_,_,0,0,0,0,0,2,0,0,0,0,0;0,0,_,0,0,0,0,0,1,0,0,0,0,0,0;0,0,2,0,0,0,0,0,0,0,0,1,0,0,0;2,0,0,0,0,0,0,0,1,0,0,0,-,-,-;0,0,0,0,0,0,0,0,0,0,0,0,*,0,0;0,0,0,0,0,0,0,0,0,0,0,0,0,0,0;1,2,2,0,0,0,0,0,0,0,1,0,0,2,0;0,0,0,2,0,0,0,0,0,0,0,0,0,0,0;0,1,0,0,0,0,0,0,0,0,0,0,0,2,0;1,0,0,0,0,0,0,0,2,2,0,2,2,0,0;1,0,0,0,0,2,2,2,0,2,2,0,2,0,0;0,0,0,0,0,0,0,2,0,0,0,0,0,0,0;0,2,0,0,0,0,2,0,0,0,0,0,0,0,0;2,0,0,0,0,0,0,2,0,0,0,2,1,0,0|(2, 2),(12, 5)
0,0,2,0,0,2,0,0,0,2,0,0,0,0,0;0,0,-,0,0,0,0,0,0,2,0,0,0,0,0;0,*,-,0,0,0,0,0,1,0,0,0,0,0,0;0,0,2,0,0,0,0,0,0,0,0,1,0,0,0;2,0,0,0,0,0,0,0,1,0,0,0,_,_,0;0,0,0,0,0,0,0,0,0,0,0,0,_,_,0;0,0,0,0,0,0,0,0,0,0,0,0,0,0,0;1,2,2,0,0,0,0,0,0,0,1,0,0,2,0;0,0,0,2,0,0,0,0,0,0,0,0,0,0,0;0,1,0,0,0,0,0,0,0,0,0,0,0,2,0;1,0,0,0,0,0,0,0,2,2,0,2,2,0,0;1,0,0,0,0,2,2,2,0,2,2,0,2,0,0;0,0,0,0,0,0,0,2,0,0,0,0,0,0,0;0,2,0,0,0,0,2,0,0,0,0,0,0,0,0;2,0,0,0,0,0,0,2,0,0,0,2,1,0,0|(1, 2),(13, 5)
0,0,2,0,0,2,0,0,0,2,0,0,0,0,0;0,0,_,0,0,0,0,0,0,2,0,0,0,0,0;0,_,_,0,0,0,0,0,1,0,0,0,0,0,0;0,0,2,0,0,0,0,0,0,0,0,1,0,0,0;2,0,0,0,0,0,0,0,1,0,0,0,-,-,0;0,0,0,0,0,0,0,0,0,0,0,0,-,*,0;0,0,0,0,0,0,0,0,0,0,0,0,0,0,0;1,2,2,0,0,0,0,0,0,0,1,0,0,2,0;0,0,0,2,0,0,0,0,0,0,0,0,0,0,0;0,1,0,0,0,0,0,0,0,0,0,0,0,2,0;1,0,0,0,0,0,0,0,2,2,0,2,2,0,0;1,0,0,0,0,2,2,2,0,2,2,0,2,0,0;0,0,0,0,0,0,0,2,0,0,0,0,0,0,0;0,2,0,0,0,0,2,0,0,0,0,0,0,0,0;2,0,0,0,0,0,0,2,0,0,0,2,1,0,0|(1, 2),(13, 5)
0,0,2,0,0,2,0,0,0,2,0,0,0,0,0;0,0,0,0,0,0,0,0,0,2,0,0,0,0,0;0,-,-,0,0,0,0,0,1,0,0,0,0,0,0;0,*,2,0,0,0,0,0,0,0,0,1,0,0,0;2,0,0,0,0,0,0,0,1,0,0,0,_,0,0;0,0,0,0,0,0,0,0,0,0,0,0,_,_,_;0,0,0,0,0,0,0,0,0,0,0,0,0,0,0;1,2,2,0,0,0,0,0,0,0,1,0,0,2,0;0,0,0,2,0,0,0,0,0,0,0,0,0,0,0;0,1,0,0,0,0,0,0,0,0,0,0,0,2,0;1,0,0,0,0,0,0,0,2,2,0,2,2,0,0;1,0,0,0,0,2,2,2,0,2,2,0,2,0,0;0,0,0,0,0,0,0,2,0,0,0,0,0,0,0;0,2,0,0,0,0,2,0,0,0,0,0,0,0,0;2,0,0,0,0,0,0,2,0,0,0,2,1,0,0|(1, 3),(14, 5)
0,0,2,0,0,2,0,0,0,2,0,0,0,0,0;0,0,0,0,0,0,0,0,0,2,0,0,0,0,0;0,_,_,0,0,0,0,0,1,0,0,0,0,0,0;0,_,2,0,0,0,0,0,0,0,0,1,0,0,0;2,0,0,0,0,0,0,0,1,0,0,0,-,0,0;0,0,0,0,0,0,0,0,0,0,0,0,-,-,*;0,0,0,0,0,0,0,0,0,0,0,0,0,0,0;1,2,2,0,0,0,0,0,0,0,1,0,0,2,0;0,0,0,2,0,0,0,0,0,0,0,0,0,0,0;0,1,0,0,0,0,0,0,0,0,0,0,0,2,0;1,0,0,0,0,0,0,0,2,2,0,2,2,0,0;1,0,0,0,0,2,2,2,0,2,2,0,2,0,0;0,0,0,0,0,0,0,2,0,0,0,0,0,0,0;0,2,0,0,0,0,2,0,0,0,0,0,0,0,0;2,0,0,0,0,0,0,2,0,0,0,2,1,0,0|(1, 3),(14, 5)
0,0,2,0,0,2,0,0,0,2,0,0,0,0,0;0,0,0,0,0,0,0,0,0,2,0,0,0,0,0;0,-,0,0,0,0,0,0,1,0,0,0,0,0,0;0,-,2,0,0,0,0,0,0,0,0,1,0,0,0;2,*,0,0,0,0,0,0,1,0,0,0,0,0,0;0,0,0,0,0,0,0,0,0,0,0,0,_,_,_;0,0,0,0,0,0,0,0,0,0,0,0,0,0,_;1,2,2,0,0,0,0,0,0,0,1,0,0,2,0;0,0,0,2,0,0,0,0,0,0,0,0,0,0,0;0,1,0,0,0,0,0,0,0,0,0,0,0,2,0;1,0,0,0,0,0,0,0,2,2,0,2,2,0,0;1,0,0,0,0,2,2,2,0,2,2,0,2,0,0;0,0,0,0,0,0,0,2,0,0,0,0,0,0,0;0,2,0,0,0,0,2,0,0,0,0,0,0,0,0;2,0,0,0,0,0,0,2,0,0,0,2,1,0,0|(1, 4),(14, 6)
0,0,2,0,0,2,0,0,0,2,0,0,0,0,0;0,0,0,0,0,0,0,0,0,2,0,0,0,0,0;0,_,0,0,0,0,0,0,1,0,0,0,0,0,0;0,_,2,0,0,0,0,0,0,0,0,1,0,0,0;2,_,0,0,0,0,0,0,1,0,0,0,0,0,0;0,0,0,0,0,0,0,0,0,0,0,0,-,-,-;0,0,0,0,0,0,0,0,0,0,0,0,0,0,*;1,2,2,0,0,0,0,0,0,0,1,0,0,2,0;0,0,0,2,0,0,0,0,0,0,0,0,0,0,0;0,1,0,0,0,0,0,0,0,0,0,0,0,2,0;1,0,0,0,0,0,0,0,2,2,0,2,2,0,0;1,0,0,0,0,2,2,2,0,2,2,0,2,0,0;0,0,0,0,0,0,0,2,0,0,0,0,0,0,0;0,2,0,0,0,0,2,0,0,0,0,0,0,0,0;2,0,0,0,0,0,0,2,0,0,0,2,1,0,0|(1, 4),(14, 6)
0,0,2,0,0,2,0,0,0,2,0,0,0,0,0;0,0,0,0,0,0,0,0,0,2,0,0,0,0,0;0,0,0,0,0,0,0,0,1,0,0,0,0,0,0;0,-,2,0,0,0,0,0,0,0,0,1,0,0,0;2,-,0,0,0,0,0,0,1,0,0,0,0,0,0;0,*,0,0,0,0,0,0,0,0,0,0,0,_,_;0,0,0,0,0,0,0,0,0,0,0,0,0,_,_;1,2,2,0,0,0,0,0,0,0,1,0,0,2,0;0,0,0,2,0,0,0,0,0,0,0,0,0,0,0;0,1,0,0,0,0,0,0,0,0,0,0,0,2,0;1,0,0,0,0,0,0,0,2,2,0,2,2,0,0;1,0,0,0,0,2,2,2,0,2,2,0,2,0,0;0,0,0,0,0,0,0,2,0,0,0,0,0,0,0;0,2,0,0,0,0,2,0,0,0,0,0,0,0,0;2,0,0,0,0,0,0,2,0,0,0,2,1,0,0|(1, 5),(13, 6)
0,0,2,0,0,2,0,0,0,2,0,0,0,0,0;0,0,0,0,0,0,0,0,0,2,0,0,0,0,0;0,0,0,0,0,0,0,0,1,0,0,0,0,0,0;0,_,2,0,0,0,0,0,0,0,0,1,0,0,0;2,_,0,0,0,0,0,0,1,0,0,0,0,0,0;0,_,0,0,0,0,0,0,0,0,0,0,0,-,-;0,0,0,0,0,0,0,0,0,0,0,0,0,*,-;1,2,2,0,0,0,0,0,0,0,1,0,0,2,0;0,0,0,2,0,0,0,0,0,0,0,0,0,0,0;0,1,0,0,0,0,0,0,0,0,0,0,0,2,0;1,0,0,0,0,0,0,0,2,2,0,2,2,0,0;1,0,0,0,0,2,2,2,0,2,2,0,2,0,0;0,0,0,0,0,0,0,2,0,0,0,0,0,0,0;0,2,0,0,0,0,2,0,0,0,0,0,0,0,0;2,0,0,0,0,0,0,2,0,0,0,2,1,0,0|(1, 5),(13, 6)
0,0,2,0,0,2,0,0,0,2,0,0,0,0,0;0,0,0,0,0,0,0,0,0,2,0,0,0,0,0;0,0,0,0,0,0,0,0,1,0,0,0,0,0,0;0,0,2,0,0,0,0,0,0,0,0,1,0,0,0;2,-,0,0,0,0,0,0,1,0,0,0,0,0,0;*,-,0,0,0,0,0,0,0,0,0,0,0,0,_;0,0,0,0,0,0,0,0,0,0,0,0,_,_,_;1,2,2,0,0,0,0,0,0,0,1,0,0,2,0;0,0,0,2,0,0,0,0,0,0,0,0,0,0,0;0,1,0,0,0,0,0,0,0,0,0,0,0,2,0;1,0,0,0,0,0,0,0,2,2,0,2,2,0,0;1,0,0,0,0,2,2,2,0,2,2,0,2,0,0;0,0,0,0,0,0,0,2,0,0,0,0,0,0,0;0,2,0,0,0,0,2,0,0,0,0,0,0,0,0;2,0,0,0,0,0,0,2,0,0,0,2,1,0,0|(0, 5),(12, 6)
0,0,2,0,0,2,0,0,0,2,0,0,0,0,0;0,0,0,0,0,0,0,0,0,2,0,0,0,0,0;0,0,0,0,0,0,0,0,1,0,0,0,0,0,0;0,0,2,0,0,0,0,0,0,0,0,1,0,0,0;2,_,0,0,0,0,0,0,1,0,0,0,0,0,0;_,_,0,0,0,0,0,0,0,0,0,0,0,0,-;0,0,0,0,0,0,0,0,0,0,0,0,*,-,-;1,2,2,0,0,0,0,0,0,0,1,0,0,2,0;0,0,0,2,0,0,0,0,0,0,0,0,0,0,0;0,1,0,0,0,0,0,0,0,0,0,0,0,2,0;1,0,0,0,0,0,0,0,2,2,0,2,2,0,0;1,0,0,0,0,2,2,2,0,2,2,0,2,0,0;0,0,0,0,0,0,0,2,0,0,0,0,0,0,0;0,2,0,0,0,0,2,0,0,0,0,0,0,0,0;2,0,0,0,0,0,0,2,0,0,0,2,1,0,0|(0, 5),(12, 6)
0,0,2,0,0,2,0,0,0,2,0,0,0,0,0;0,0,0,0,0,0,0,0,0,2,0,0,0,0,0;0,0,0,0,0,0,0,0,1,0,0,0,0,0,0;0,0,2,0,0,0,0,0,0,0,0,1,0,0,0;2,0,0,0,0,0,0,0,1,0,0,0,0,0,0;-,-,0,0,0,0,0,0,0,0,0,0,0,0,0;*,0,0,0,0,0,0,0,0,0,0,_,_,_,_;1,2,2,0,0,0,0,0,0,0,1,0,0,2,0;0,0,0,2,0,0,0,0,0,0,0,0,0,0,0;0,1,0,0,0,0,0,0,0,0,0,0,0,2,0;1,0,0,0,0,0,0,0,2,2,0,2,2,0,0;1,0,0,0,0,2,2,2,0,2,2,0,2,0,0;0,0,0,0,0,0,0,2,0,0,0,0,0,0,0;0,2,0,0,0,0,2,0,0,0,0,0,0,0,0;2,0,0,0,0,0,0,2,0,0,0,2,1,0,0|(0, 6),(11, 6)
0,0,2,0,0,2,0,0,0,2,0,0,0,0,0;0,0,0,0,0,0,0,0,0,2,0,0,0,0,0;0,0,0,0,0,0,0,0,1,0,0,0,0,0,0;0,0,2,0,0,0,0,0,0,0,0,1,0,0,0;2,0,0,0,0,0,0,0,1,0,0,0,0,0,0;_,_,0,0,0,0,0,0,0,0,0,0,0,0,0;_,0,0,0,0,0,0,0,0,0,0,*,-,-,-;1,2,2,0,0,0,0,0,0,0,1,0,0,2,0;0,0,0,2,0,0,0,0,0,0,0,0,0,0,0;0,1,0,0,0,0,0,0,0,0,0,0,0,2,0;1,0,0,0,0,0,0,0,2,2,0,2,2,0,0;1,0,0,0,0,2,2,2,0,2,2,0,2,0,0;0,0,0,0,0,0,0,2,0,0,0,0,0,0,0;0,2,0,0,0,0,2,0,0,0,0,0,0,0,0;2,0,0,0,0,0,0,2,0,0,0,2,1,0,0|(0, 6),(11, 6)
0,0,2,0,0,2,0,0,0,2,0,0,0,0,0;0,0,0,0,0,0,0,0,0,2,0,0,0,0,0;0,0,0,0,0,0,0,0,1,0,0,0,0,0,0;0,0,2,0,0,0,0,0,0,0,0,1,0,0,0;2,0,0,0,0,0,0,0,1,0,0,0,0,0,0;-,-,0,0,0,0,0,0,0,0,0,_,0,0,0;-,0,0,0,0,0,0,0,0,0,0,_,_,_,0;*,2,2,0,0,0,0,0,0,0,1,0,0,2,0;0,0,0,2,0,0,0,0,0,0,0,0,0,0,0;0,1,0,0,0,0,0,0,0,0,0,0,0,2,0;1,0,0,0,0,0,0,0,2,2,0,2,2,0,0;1,0,0,0,0,2,2,2,0,2,2,0,2,0,0;0,0,0,0,0,0,0,2,0,0,0,0,0,0,0;0,2,0,0,0,0,2,0,0,0,0,0,0,0,0;2,0,0,0,0,0,1,2,0,0,0,2,1,0,0|(0, 7),(11, 5)
0,0,2,0,0,2,0,0,0,2,0,0,0,0,0;0,0,0,0,0,0,0,0,0,2,0,0,0,0,0;0,0,0,0,0,0,0,0,1,0,0,0,0,0,0;0,0,2,0,0,0,0,0,0,0,0,1,0,0,0;2,0,0,0,0,0,0,0,1,0,0,0,0,0,0;_,_,0,0,0,0,0,0,0,0,0,*,0,0,0;_,0,0,0,0,0,0,0,0,0,0,-,-,-,0;_,2,2,0,0,0,0,0,0,0,1,0,0,2,0;0,0,0,2,0,0,0,0,0,0,0,0,0,0,0;0,1,0,0,0,0,0,0,0,0,0,0,0,2,0;1,0,0,0,0,0,0,0,2,2,0,2,2,0,0;1,0,0,0,0,2,2,2,0,2,2,0,2,0,0;0,0,0,0,0,0,0,2,0,0,0,0,0,0,0;0,2,0,0,0,0,2,0,0,0,0,0,0,0,0;2,0,0,0,0,0,1,2,0,0,0,2,1,0,0|(0, 7),(11, 5)
0,0,2,0,0,2,0,0,0,2,0,0,0,0,0;0,0,0,0,0,0,0,0,0,2,0,0,0,0,0;0,0,0,0,0,0,0,0,1,0,0,0,0,0,0;0,0,2,0,0,0,0,0,0,0,0,1,0,0,0;2,0,0,0,0,0,0,0,1,0,0,0,0,0,0;-,0,0,0,0,0,0,0,0,0,_,_,0,0,0;-,0,0,0,0,0,0,0,0,0,0,_,_,0,0;-,2,2,0,0,0,0,0,0,0,1,0,0,2,0;*,0,0,2,0,0,0,0,0,0,0,0,0,0,0;0,1,0,0,0,0,0,0,0,0,0,0,0,2,0;1,0,0,0,0,0,0,0,2,2,0,2,2,0,0;1,0,0,0,0,2,2,2,0,2,2,0,2,0,0;0,0,0,0,0,0,0,2,0,0,0,0,0,0,0;0,2,0,0,0,0,2,0,0,0,0,0,0,0,0;2,0,0,0,0,0,1,2,0,0,0,2,1,0,0|(0, 8),(10, 5)
0,0,2,0,0,2,0,0,0,2,0,0,0,0,0;0,0,0,0,0,0,0,0,0,2,0,0,0,0,0;0,0,0,0,0,0,0,0,1,0,0,0,0,0,0;0,0,2,0,0,0,0,0,0,0,0,1,0,0,0;2,0,0,0,0,0,0,0,1,0,0,0,0,0,0;_,0,0,0,0,0,0,0,0,0,*,-,0,0,0;_,0,0,0,0,0,0,0,0,0,0,-,-,0,0;_,2,2,0,0,0,0,0,0,0,1,0,0,2,0;_,0,0,2,0,0,0,0,0,0,0,0,0,0,0;0,1,0,0,0,0,0,0,0,0,0,0,0,2,0;1,0,0,0,0,0,0,0,2,2,0,2,2,0,0;1,0,0,0,0,2,2,2,0,2,2,0,2,0,0;0,0,0,0,0,0,0,2,0,0,0,0,0,0,0;0,2,0,0,0,0,2,0,0,0,0,0,0,0,0;2,0,0,0,0,0,1,2,0,0,0,2,1,0,0|(0, 8),(10, 5)
0,0,2,0,0,2,0,0,0,2,0,0,0,0,0;0,0,0,0,0,0,0,0,0,2,0,0,0,0,0;0,0,0,0,0,0,0,0,1,0,0,0,0,0,0;0,0,2,0,0,0,0,0,0,0,0,1,0,0,0;2,0,0,0,0,0,0,0,1,0,_,0,0,0,0;0,0,0,0,0,0,0,0,0,0,_,_,0,0,0;-,0,0,0,0,0,0,0,0,0,0,_,0,0,0;-,2,2,0,0,0,0,0,0,0,1,0,0,2,0;-,*,0,2,0,0,0,0,0,0,0,0,0,0,0;0,1,0,0,0,0,0,0,0,0,0,0,0,2,0;1,0,0,0,0,0,0,0,2,2,0,2,2,0,0;1,0,0,0,0,2,2,2,0,2,2,0,2,0,0;0,0,0,0,0,0,0,2,0,0,0,0,0,0,0;0,2,0,0,0,0,2,0,0,0,0,0,0,0,0;2,0,0,0,0,0,1,2,0,0,0,2,1,0,0|(1, 8),(10, 4)
0,0,2,0,0,2,0,0,0,2,0,0,0,0,0;0,0,0,0,0,0,0,0,0,2,0,0,0,0,0;0,0,0,0,0,0,0,0,1,0,0,0,0,0,0;0,0,2,0,0,0,0,0,0,0,0,1,0,0,0;2,0,0,0,0,0,0,0,1,0,*,0,0,0,0;0,0,0,0,0,0,0,0,0,0,-,-,0,0,0;_,0,0,0,0,0,0,0,0,0,0,-,0,0,0;_,2,2,0,0,0,0,0,0,0,1,0,0,2,0;_,_,0,2,0,0,0,0,0,0,0,0,0,0,0;0,1,0,0,0,0,0,0,0,0,0,0,0,2,0;1,0,0,0,0,0,0,0,2,2,0,2,2,0,0;1,0,0,0,0,2,2,2,0,2,2,0,2,0,0;0,0,0,0,0,0,0,2,0,0,0,0,0,0,0;0,2,0,0,0,0,2,0,0,0,0,0,0,0,0;2,0,0,0,0,0,1,2,0,0,0,2,1,0,0|(1, 8),(10, 4)
0,0,2,0,0,2,0,0,0,2,0,0,0,0,0;0,0,0,0,0,0,0,0,0,2,0,0,0,0,0;0,0,0,0,0,0,0,0,1,0,0,0,0,0,0;0,0,2,0,0,0,0,0,0,0,_,1,0,0,0;2,0,0,0,0,0,0,0,1,0,_,0,0,0,0;0,0,0,0,0,0,0,0,0,0,_,_,0,0,0;-,0,0,0,0,0,0,0,0,0,0,0,0,0,0;-,2,2,0,0,0,0,0,0,0,1,0,0,2,0;-,-,0,2,0,0,0,0,0,0,0,0,0,0,0;0,*,0,0,0,0,0,0,0,0,0,0,0,2,0;1,0,0,0,0,0,0,0,2,2,0,2,2,0,0;1,0,0,0,0,2,2,2,0,2,2,0,2,0,0;0,0,0,0,0,0,0,2,0,0,0,0,0,0,0;0,2,0,0,0,0,2,0,0,0,0,0,0,0,0;2,0,1,0,0,0,1,2,0,0,0,2,1,0,0|(1, 9),(10, 3)
0,0,2,0,0,2,0,0,0,2,0,0,0,0,0;0,0,0,0,0,0,0,0,0,2,0,0,0,0,0;0,0,0,0,0,0,0,0,1,0,0,0,0,0,0;0,0,2,0,0,0,0,0,0,0,*,1,0,0,0;2,0,0,0,0,0,0,0,1,0,-,0,0,0,0;0,0,0,0,0,0,0,0,0,0,-,-,0,0,0;_,0,0,0,0,0,0,0,0,0,0,0,0,0,0;_,2,2,0,0,0,0,0,0,0,1,0,0,2,0;_,_,0,2,0,0,0,0,0,0,0,0,0,0,0;0,_,0,0,0,0,0,0,0,0,0,0,0,2,0;1,0,0,0,0,0,0,0,2,2,0,2,2,0,0;1,0,0,0,0,2,2,2,0,2,2,0,2,0,0;0,0,0,0,0,0,0,2,0,0,0,0,0,0,0;0,2,0,0,0,0,2,0,0,0,0,0,0,0,0;2,0,1,0,0,0,1,2,0,0,0,2,1,0,0|(1, 9),(10, 3)
0,0,2,0,0,2,0,0,0,2,0,0,0,0,0;0,0,0,0,0,0,0,0,0,2,0,0,0,0,0;0,0,0,0,0,0,0,0,1,0,0,0,0,0,0;0,0,2,0,0,0,0,0,0,0,_,_,0,0,0;2,0,0,0,0,0,0,0,1,0,_,0,0,0,0;0,0,0,0,0,1,0,0,0,0,_,_,0,0,0;0,0,0,0,0,0,0,0,0,0,0,0,0,0,0;-,2,2,0,0,0,0,0,0,0,1,0,0,2,0;-,-,0,2,0,0,0,0,0,0,0,0,0,0,0;*,-,0,0,0,0,0,0,0,0,0,0,0,2,0;1,0,0,0,0,0,0,0,2,2,0,2,2,0,0;1,0,0,0,0,2,2,2,0,2,2,0,2,0,0;0,0,0,0,0,0,0,2,0,0,0,0,0,0,0;0,2,0,0,0,0,2,0,0,0,0,0,0,0,0;2,0,1,0,0,0,1,2,0,0,0,2,1,0,0|(0, 9),(11, 3)
0,0,2,0,0,2,0,0,0,2,0,0,0,0,0;0,0,0,0,0,0,0,0,0,2,0,0,0,0,0;0,0,0,0,0,0,0,0,1,0,0,0,0,0,0;0,0,2,0,0,0,0,0,0,0,-,*,0,0,0;2,0,0,0,0,0,0,0,1,0,-,0,0,0,0;0,0,0,0,0,1,0,0,0,0,-,-,0,0,0;0,0,0,0,0,0,0,0,0,0,0,0,0,0,0;_,2,2,0,0,0,0,0,0,0,1,0,0,2,0;_,_,0,2,0,0,0,0,0,0,0,0,0,0,0;_,_,0,0,0,0,0,0,0,0,0,0,0,2,0;1,0,0,0,0,0,0,0,2,2,0,2,2,0,0;1,0,0,0,0,2,2,2,0,2,2,0,2,0,0;0,0,0,0,0,0,0,2,0,0,0,0,0,0,0;0,2,0,0,0,0,2,0,0,0,0,0,0,0,0;2,0,1,0,0,0,1,2,0,0,0,2,1,0,0|(0, 9),(11, 3)
0,0,2,0,0,2,0,0,0,2,0,0,0,0,0;0,0,0,0,0,0,0,0,0,2,0,0,0,0,0;0,0,0,0,0,0,0,0,1,0,0,0,0,0,0;0,0,2,0,0,0,0,0,0,0,_,_,0,0,0;2,0,0,0,0,0,0,0,1,0,_,_,0,0,0;0,0,0,0,0,1,0,0,0,0,_,0,0,0,0;0,0,0,0,0,0,0,0,0,0,0,0,1,0,0;-,2,2,0,0,0,0,0,0,0,1,0,0,2,0;-,-,0,2,0,0,0,0,0,0,0,0,0,0,0;-,-,0,0,0,0,0,0,0,0,0,0,0,2,0;*,0,0,0,0,0,0,0,2,2,0,2,2,0,0;1,0,0,0,0,2,2,2,0,2,2,0,2,0,0;0,0,0,0,0,0,0,2,0,0,0,0,0,0,0;0,2,0,0,0,0,2,0,0,0,0,0,0,0,0;2,0,1,0,0,0,1,2,0,0,0,2,1,0,0|(0, 10),(11, 4)
0,0,2,0,0,2,0,0,0,2,0,0,0,0,0;0,0,0,0,0,0,0,0,0,2,0,0,0,0,0;0,0,0,0,0,0,0,0,1,0,0,0,0,0,0;0,0,2,0,0,0,0,0,0,0,-,-,0,0,0;2,0,0,0,0,0,0,0,1,0,-,*,0,0,0;0,0,0,0,0,1,0,0,0,0,-,0,0,0,0;0,0,0,0,0,0,0,0,0,0,0,0,1,0,0;_,2,2,0,0,0,0,0,0,0,1,0,0,2,0;_,_,0,2,0,0,0,0,0,0,0,0,0,0,0;_,_,0,0,0,0,0,0,0,0,0,0,0,2,0;_,0,0,0,0,0,0,0,2,2,0,2,2,0,0;1,0,0,0,0,2,2,2,0,2,2,0,2,0,0;0,0,0,0,0,0,0,2,0,0,0,0,0,0,0;0,2,0,0,0,0,2,0,0,0,0,0,0,0,0;2,0,1,0,0,0,1,2,0,0,0,2,1,0,0|(0, 10),(11, 4)
0,0,2,0,0,2,0,0,0,2,0,0,0,0,0;0,0,0,0,0,0,0,0,0,2,0,0,0,0,0;0,0,0,0,0,0,0,0,1,0,0,0,0,0,0;0,0,2,0,0,0,0,0,0,0,_,_,0,0,0;2,0,0,0,0,0,0,0,1,0,_,_,_,0,0;0,0,0,0,0,1,0,0,0,0,0,0,0,0,0;0,0,0,0,0,0,0,0,0,0,0,0,1,0,0;-,2,2,0,0,0,0,0,0,0,1,0,0,2,0;-,-,0,2,0,0,0,0,0,0,0,0,0,0,0;-,-,0,0,0,0,0,0,0,0,0,0,0,2,0;-,0,0,0,0,0,1,0,2,2,0,2,2,0,0;*,0,0,0,0,2,2,2,0,2,2,0,2,0,0;0,0,0,0,0,0,0,2,0,0,0,0,0,0,0;0,2,0,0,0,0,2,0,0,0,0,0,0,0,0;2,0,1,0,0,0,1,2,0,0,0,2,1,0,0|(0, 11),(12, 4)
0,0,2,0,0,2,0,0,0,2,0,0,0,0,0;0,0,0,0,0,0,0,0,0,2,0,0,0,0,0;0,0,0,0,0,0,0,0,1,0,0,0,0,0,0;0,0,2,0,0,0,0,0,0,0,-,-,0,0,0;2,0,0,0,0,0,0,0,1,0,-,-,*,0,0;0,0,0,0,0,1,0,0,0,0,0,0,0,0,0;0,0,0,0,0,0,0,0,0,0,0,0,1,0,0;_,2,2,0,0,0,0,0,0,0,1,0,0,2,0;_,_,0,2,0,0,0,0,0,0,0,0,0,0,0;_,_,0,0,0,0,0,0,0,0,0,0,0,2,0;_,0,0,0,0,0,1,0,2,2,0,2,2,0,0;_,0,0,0,0,2,2,2,0,2,2,0,2,0,0;0,0,0,0,0,0,0,2,0,0,0,0,0,0,0;0,2,0,0,0,0,2,0,0,0,0,0,0,0,0;2,0,1,0,0,0,1,2,0,0,0,2,1,0,0|(0, 11),(12, 4)
0,0,2,0,0,2,0,0,0,2,0,0,0,0,0;0,0,0,0,0,0,0,0,0,2,0,0,0,0,0;0,0,0,0,0,0,0,0,1,0,0,0,0,0,0;0,0,2,0,0,0,0,0,0,0,_,_,0,0,0;2,0,0,0,0,0,0,0,1,0,0,_,_,0,0;0,0,0,0,0,1,0,0,0,0,0,0,_,0,0;0,0,0,0,0,0,0,0,0,0,0,0,1,0,0;0,2,2,0,0,0,0,0,0,0,1,0,0,2,0;-,-,0,2,0,0,0,0,0,0,0,0,0,0,0;-,-,0,0,0,0,0,0,0,0,0,0,0,2,0;-,0,0,0,0,0,1,0,2,2,0,2,2,0,0;-,*,0,0,0,2,2,2,0,2,2,0,2,0,0;0,0,0,0,0,0,0,2,0,0,0,0,0,0,0;0,2,0,0,0,0,2,0,0,0,0,0,0,0,0;2,0,1,0,0,0,1,2,0,0,0,2,1,0,0|(1, 11),(12, 5)
0,0,2,0,0,2,0,0,0,2,0,0,0,0,0;0,0,0,0,0,0,0,0,0,2,0,0,0,0,0;0,0,0,0,0,0,0,0,1,0,0,0,0,0,0;0,0,2,0,0,0,0,0,0,0,-,-,0,0,0;2,0,0,0,0,0,0,0,1,0,0,-,-,0,0;0,0,0,0,0,1,0,0,0,0,0,0,*,0,0;0,0,0,0,0,0,0,0,0,0,0,0,1,0,0;0,2,2,0,0,0,0,0,0,0,1,0,0,2,0;_,_,0,2,0,0,0,0,0,0,0,0,0,0,0;_,_,0,0,0,0,0,0,0,0,0,0,0,2,0;_,0,0,0,0,0,1,0,2,2,0,2,2,0,0;_,_,0,0,0,2,2,2,0,2,2,0,2,0,0;0,0,0,0,0,0,0,2,0,0,0,0,0,0,0;0,2,0,0,0,0,2,0,0,0,0,0,0,0,0;2,0,1,0,0,0,1,2,0,0,0,2,1,0,0|(1, 11),(12, 5)
0,0,2,0,0,2,0,0,0,2,0,0,0,0,0;0,0,0,0,0,0,1,0,0,2,0,0,0,0,0;0,0,0,0,0,0,0,0,1,0,0,0,0,0,0;0,0,2,0,0,0,0,0,0,0,_,_,0,0,0;2,0,0,0,0,0,0,0,1,0,0,_,_,0,0;0,0,0,0,0,1,0,0,0,0,0,0,_,0,0;0,0,0,0,0,0,0,0,0,0,0,0,_,0,0;0,2,2,0,0,0,0,0,0,0,1,0,0,2,0;0,-,0,2,0,0,0,0,0,0,0,0,0,0,0;-,-,0,0,0,0,0,0,0,0,0,0,0,2,0;-,0,0,0,0,0,1,0,2,2,0,2,2,0,0;-,-,0,0,0,2,2,2,0,2,2,0,2,0,0;0,*,0,0,0,0,0,2,0,0,0,0,0,0,0;0,2,0,0,0,0,2,0,0,0,0,0,0,0,0;2,0,1,0,0,0,1,2,0,0,0,2,1,0,0|(1, 12),(12, 6)
0,0,2,0,0,2,0,0,0,2,0,0,0,0,0;0,0,0,0,0,0,1,0,0,2,0,0,0,0,0;0,0,0,0,0,0,0,0,1,0,0,0,0,0,0;0,0,2,0,0,0,0,0,0,0,-,-,0,0,0;2,0,0,0,0,0,0,0,1,0,0,-,-,0,0;0,0,0,0,0,1,0,0,0,0,0,0,-,0,0;0,0,0,0,0,0,0,0,0,0,0,0,*,0,0;0,2,2,0,0,0,0,0,0,0,1,0,0,2,0;0,_,0,2,0,0,0,0,0,0,0,0,0,0,0;_,_,0,0,0,0,0,0,0,0,0,0,0,2,0;_,0,0,0,0,0,1,0,2,2,0,2,2,0,0;_,_,0,0,0,2,2,2,0,2,2,0,2,0,0;0,_,0,0,0,0,0,2,0,0,0,0,0,0,0;0,2,0,0,0,0,2,0,0,0,0,0,0,0,0;2,0,1,0,0,0,1,2,0,0,0,2,1,0,0|(1, 12),(12, 6)
0,0,2,0,0,2,0,0,0,2,0,0,0,0,0;0,0,0,0,0,0,1,0,0,2,0,0,0,0,0;0,0,0,0,0,0,0,0,1,0,0,0,0,0,0;0,0,2,0,0,0,0,0,0,0,0,_,0,0,0;2,0,0,0,0,0,0,0,1,0,0,_,_,0,0;0,0,0,0,0,1,0,0,0,0,0,0,_,0,0;0,0,0,0,0,0,0,0,0,0,0,0,_,_,0;0,2,2,0,0,0,0,0,0,0,1,0,0,2,0;0,0,0,2,0,0,0,0,0,0,0,0,0,0,0;-,-,0,0,0,0,0,0,0,0,0,0,0,2,0;-,0,0,0,0,0,1,0,2,2,0,2,2,0,0;-,-,0,0,0,2,2,2,0,2,2,0,2,0,0;0,-,*,0,0,0,0,2,0,0,0,0,0,0,0;0,2,0,0,0,0,2,0,0,0,0,0,0,0,0;2,0,1,0,0,0,1,2,0,0,0,2,1,0,0|(2, 12),(13, 6)
0,0,2,0,0,2,0,0,0,2,0,0,0,0,0;0,0,0,0,0,0,1,0,0,2,0,0,0,0,0;0,0,0,0,0,0,0,0,1,0,0,0,0,0,0;0,0,2,0,0,0,0,0,0,0,0,-,0,0,0;2,0,0,0,0,0,0,0,1,0,0,-,-,0,0;0,0,0,0,0,1,0,0,0,0,0,0,-,0,0;0,0,0,0,0,0,0,0,0,0,0,0,-,*,0;0,2,2,0,0,0,0,0,0,0,1,0,0,2,0;0,0,0,2,0,0,0,0,0,0,0,0,0,0,0;_,_,0,0,0,0,0,0,0,0,0,0,0,2,0;_,0,0,0,0,0,1,0,2,2,0,2,2,0,0;_,_,0,0,0,2,2,2,0,2,2,0,2,0,0;0,_,_,0,0,0,0,2,0,0,0,0,0,0,0;0,2,0,0,0,0,2,0,0,0,0,0,0,0,0;2,0,1,0,0,0,1,2,0,0,0,2,1,0,0|(2, 12),(13, 6)
0,0,2,0,0,2,0,0,0,2,0,0,0,0,0;0,0,0,0,0,0,1,0,0,2,0,0,0,0,0;0,0,0,0,0,0,0,0,1,0,0,0,0,0,0;0,0,2,0,0,0,0,0,0,0,0,0,0,0,0;2,0,0,0,0,0,0,0,1,0,0,_,_,0,0;0,0,0,0,0,1,0,0,0,0,0,0,_,_,0;0,0,0,0,0,0,0,0,0,0,0,0,_,_,0;0,2,2,0,0,0,0,0,0,0,1,0,0,2,0;0,0,0,2,0,0,0,0,0,0,0,0,0,0,0;-,0,0,0,0,0,0,0,0,0,0,0,0,2,0;-,0,0,0,0,0,1,0,2,2,0,2,2,0,0;-,-,*,0,0,2,2,2,0,2,2,0,2,0,0;0,-,-,0,0,0,0,2,0,0,0,0,0,0,0;0,2,0,0,0,0,2,0,0,0,0,0,0,0,0;2,0,1,0,0,0,1,2,0,0,0,2,1,0,0|(2, 11),(13, 5)
0,0,2,0,0,2,0,0,0,2,0,0,0,0,0;0,0,0,0,0,0,1,0,0,2,0,0,0,0,0;0,0,0,0,0,0,0,0,1,0,0,0,0,0,0;0,0,2,0,0,0,0,0,0,0,0,0,0,0,0;2,0,0,0,0,0,0,0,1,0,0,-,-,0,0;0,0,0,0,0,1,0,0,0,0,0,0,-,*,0;0,0,0,0,0,0,0,0,0,0,0,0,-,-,0;0,2,2,0,0,0,0,0,0,0,1,0,0,2,0;0,0,0,2,0,0,0,0,0,0,0,0,0,0,0;_,0,0,0,0,0,0,0,0,0,0,0,0,2,0;_,0,0,0,0,0,1,0,2,2,0,2,2,0,0;_,_,_,0,0,2,2,2,0,2,2,0,2,0,0;0,_,_,0,0,0,0,2,0,0,0,0,0,0,0;0,2,0,0,0,0,2,0,0,0,0,0,0,0,0;2,0,1,0,0,0,1,2,0,0,0,2,1,0,0|(2, 11),(13, 5)
0,0,2,0,0,2,0,0,0,2,0,0,0,0,0;0,0,0,0,0,0,1,0,0,2,0,0,0,0,0;0,0,0,0,0,0,0,0,1,0,0,0,0,0,0;0,0,2,0,0,0,0,0,0,0,0,0,0,0,0;2,0,0,0,0,0,0,0,1,0,0,0,_,_,0;0,0,0,0,0,1,0,0,0,0,0,0,_,_,0;0,0,0,0,0,0,0,0,0,0,0,0,_,_,0;0,2,2,0,0,0,0,0,0,0,1,0,0,2,0;0,0,0,2,0,0,0,0,0,0,0,0,0,0,0;0,0,0,0,0,0,0,0,0,0,0,0,0,2,0;-,0,*,0,0,0,1,0,2,2,0,2,2,0,0;-,-,-,0,0,2,2,2,0,2,2,0,2,0,0;0,-,-,0,0,0,0,2,0,0,0,0,0,0,0;0,2,0,0,0,0,2,0,0,0,0,0,0,0,0;2,0,1,0,0,0,1,2,0,0,0,2,1,0,0|(2, 10),(13, 4)
0,0,2,0,0,2,0,0,0,2,0,0,0,0,0;0,0,0,0,0,0,1,0,0,2,0,0,0,0,0;0,0,0,0,0,0,0,0,1,0,0,0,0,0,0;0,0,2,0,0,0,0,0,0,0,0,0,0,0,0;2,0,0,0,0,0,0,0,1,0,0,0,-,*,0;0,0,0,0,0,1,0,0,0,0,0,0,-,-,0;0,0,0,0,0,0,0,0,0,0,0,0,-,-,0;0,2,2,0,0,0,0,0,0,0,1,0,0,2,0;0,0,0,2,0,0,0,0,0,0,0,0,0,0,0;0,0,0,0,0,0,0,0,0,0,0,0,0,2,0;_,0,_,0,0,0,1,0,2,2,0,2,2,0,0;_,_,_,0,0,2,2,2,0,2,2,0,2,0,0;0,_,_,0,0,0,0,2,0,0,0,0,0,0,0;0,2,0,0,0,0,2,0,0,0,0,0,0,0,0;2,0,1,0,0,0,1,2,0,0,0,2,1,0,0|(2, 10),(13, 4)
0,0,2,0,0,2,0,0,0,2,0,0,0,0,0;0,0,0,0,0,0,1,0,0,2,0,0,0,0,0;0,0,0,0,0,0,0,0,1,0,0,0,0,0,0;0,0,2,0,0,0,0,0,0,0,0,0,0,_,0;2,0,0,0,0,0,0,0,1,0,0,0,0,_,0;0,0,0,0,0,1,0,0,0,0,0,0,_,_,0;0,0,0,0,0,0,0,0,0,0,0,0,_,_,0;0,2,2,0,0,0,0,0,0,0,1,0,0,2,0;0,0,0,2,0,0,0,0,0,0,0,0,0,0,0;0,0,0,0,0,0,0,0,0,0,0,0,0,2,0;0,0,-,*,0,0,1,0,2,2,0,2,2,0,0;-,-,-,0,0,2,2,2,0,2,2,0,2,0,0;0,-,-,0,0,0,0,2,0,0,0,0,0,0,0;0,2,0,0,0,0,2,0,0,0,0,0,0,0,0;2,0,1,0,0,0,1,2,0,0,0,2,1,0,0|(3, 10),(13, 3)
0,0,2,0,0,2,0,0,0,2,0,0,0,0,0;0,0,0,0,0,0,1,0,0,2,0,0,0,0,0;0,0,0,0,0,0,0,0,1,0,0,0,0,0,0;0,0,2,0,0,0,0,0,0,0,0,0,0,*,0;2,0,0,0,0,0,0,0,1,0,0,0,0,-,0;0,0,0,0,0,1,0,0,0,0,0,0,-,-,0;0,0,0,0,0,0,0,0,0,0,0,0,-,-,0;0,2,2,0,0,0,0,0,0,0,1,0,0,2,0;0,0,0,2,0,0,0,0,0,0,0,0,0,0,0;0,0,0,0,0,0,0,0,0,0,0,0,0,2,0;0,0,_,_,0,0,1,0,2,2,0,2,2,0,0;_,_,_,0,0,2,2,2,0,2,2,0,2,0,0;0,_,_,0,0,0,0,2,0,0,0,0,0,0,0;0,2,0,0,0,0,2,0,0,0,0,0,0,0,0;2,0,1,0,0,0,1,2,0,0,0,2,1,0,0|(3, 10),(13, 3)
0,0,2,0,0,2,0,0,0,2,0,0,0,0,0;0,0,0,0,0,0,1,0,0,2,0,0,0,0,0;0,0,0,0,0,0,0,0,1,0,0,0,0,0,0;0,0,2,0,0,0,0,0,0,0,0,0,_,_,0;2,0,0,0,0,0,0,0,1,0,0,0,0,_,0;0,0,0,0,0,1,0,0,0,0,0,0,0,_,0;0,0,0,0,0,0,0,0,0,0,0,0,_,_,0;0,2,2,0,0,0,0,0,0,0,1,0,0,2,0;0,0,0,2,0,0,0,0,0,0,0,0,0,0,0;0,0,0,0,0,0,0,0,0,0,0,0,0,2,0;0,0,-,-,*,0,1,0,2,2,0,2,2,0,0;0,-,-,0,0,2,2,2,0,2,2,0,2,0,0;0,-,-,0,0,0,0,2,0,0,0,0,0,0,0;0,2,0,0,0,0,2,0,0,0,0,0,0,0,0;2,0,1,0,0,0,1,2,0,0,0,2,1,0,0|(4, 10),(12, 3)
0,0,2,0,0,2,0,0,0,2,0,0,0,0,0;0,0,0,0,0,0,1,0,0,2,0,0,0,0,0;0,0,0,0,0,0,0,0,1,0,0,0,0,0,0;0,0,2,0,0,0,0,0,0,0,0,0,*,-,0;2,0,0,0,0,0,0,0,1,0,0,0,0,-,0;0,0,0,0,0,1,0,0,0,0,0,0,0,-,0;0,0,0,0,0,0,0,0,0,0,0,0,-,-,0;0,2,2,0,0,0,0,0,0,0,1,0,0,2,0;0,0,0,2,0,0,0,0,0,0,0,0,0,0,0;0,0,0,0,0,0,0,0,0,0,0,0,0,2,0;0,0,_,_,_,0,1,0,2,2,0,2,2,0,0;0,_,_,0,0,2,2,2,0,2,2,0,2,0,0;0,_,_,0,0,0,0,2,0,0,0,0,0,0,0;0,2,0,0,0,0,2,0,0,0,0,0,0,0,0;2,0,1,0,0,0,1,2,0,0,0,2,1,0,0|(4, 10),(12, 3)
0,0,2,0,0,2,0,0,0,2,0,0,0,0,0;0,0,0,0,0,0,1,0,0,2,0,0,0,0,0;0,0,0,0,0,0,0,0,1,0,0,0,_,0,0;0,0,2,0,0,0,0,0,0,0,0,0,_,_,0;2,0,0,0,0,0,0,0,1,0,0,0,0,_,0;0,0,0,0,0,1,0,0,0,0,0,0,0,_,0;0,0,0,0,0,0,0,0,0,0,0,0,0,_,0;0,2,2,0,0,0,0,0,0,0,1,0,0,2,0;0,0,0,2,0,0,0,0,0,0,0,0,0,0,0;0,0,0,0,0,0,0,0,0,0,0,0,0,2,0;0,0,-,-,-,0,1,0,2,2,0,2,2,0,0;0,0,-,0,*,2,2,2,0,2,2,0,2,0,0;0,-,-,0,0,0,0,2,0,0,0,0,0,0,0;0,2,0,0,0,0,2,0,0,0,0,0,0,0,0;2,0,1,0,0,0,1,2,0,0,0,2,1,0,0|(4, 11),(12, 2)
0,0,2,0,0,2,0,0,0,2,0,0,0,0,0;0,0,0,0,0,0,1,0,0,2,0,0,0,0,0;0,0,0,0,0,0,0,0,1,0,0,0,*,0,0;0,0,2,0,0,0,0,0,0,0,0,0,-,-,0;2,0,0,0,0,0,0,0,1,0,0,0,0,-,0;0,0,0,0,0,1,0,0,0,0,0,0,0,-,0;0,0,0,0,0,0,0,0,0,0,0,0,0,-,0;0,2,2,0,0,0,0,0,0,0,1,0,0,2,0;0,0,0,2,0,0,0,0,0,0,0,0,0,0,0;0,0,0,0,0,0,0,0,0,0,0,0,0,2,0;0,0,_,_,_,0,1,0,2,2,0,2,2,0,0;0,0,_,0,_,2,2,2,0,2,2,0,2,0,0;0,_,_,0,0,0,0,2,0,0,0,0,0,0,0;0,2,0,0,0,0,2,0,0,0,0,0,0,0,0;2,0,1,0,0,0,1,2,0,0,0,2,1,0,0|(4, 11),(12, 2)
0,0,2,0,0,2,0,0,0,2,0,0,0,0,0;0,0,0,0,0,0,1,0,0,2,0,0,_,0,0;0,0,0,0,0,0,0,0,1,0,0,0,_,0,0;0,0,2,0,0,0,0,0,0,0,0,0,_,_,0;2,0,0,0,0,0,0,0,1,0,0,0,0,_,0;0,0,0,0,0,1,0,0,0,0,0,0,0,_,0;0,0,0,0,0,0,0,0,0,0,0,0,0,0,0;0,2,2,0,0,0,0,0,0,0,1,0,0,2,0;0,0,0,2,0,0,0,0,0,0,0,0,0,0,0;0,0,0,0,0,0,0,0,0,0,0,0,0,2,0;0,0,-,-,-,0,1,0,2,2,0,2,2,0,0;0,0,-,0,-,2,2,2,0,2,2,0,2,0,0;0,0,-,0,*,0,0,2,0,0,0,0,0,0,0;0,2,0,0,0,0,2,0,0,0,0,0,0,0,0;2,0,1,0,0,0,1,2,0,0,0,2,1,0,0|(4, 12),(12, 1)
0,0,2,0,0,2,0,0,0,2,0,0,0,0,0;0,0,0,0,0,0,1,0,0,2,0,0,*,0,0;0,0,0,0,0,0,0,0,1,0,0,0,-,0,0;0,0,2,0,0,0,0,0,0,0,0,0,-,-,0;2,0,0,0,0,0,0,0,1,0,0,0,0,-,0;0,0,0,0,0,1,0,0,0,0,0,0,0,-,0;0,0,0,0,0,0,0,0,0,0,0,0,0,0,0;0,2,2,0,0,0,0,0,0,0,1,0,0,2,0;0,0,0,2,0,0,0,0,0,0,0,0,0,0,0;0,0,0,0,0,0,0,0,0,0,0,0,0,2,0;0,0,_,_,_,0,1,0,2,2,0,2,2,0,0;0,0,_,0,_,2,2,2,0,2,2,0,2,0,0;0,0,_,0,_,0,0,2,0,0,0,0,0,0,0;0,2,0,0,0,0,2,0,0,0,0,0,0,0,0;2,0,1,0,0,0,1,2,0,0,0,2,1,0,0|(4, 12),(12, 1)
0,0,2,0,0,2,0,0,0,2,0,0,0,0,0;0,0,0,0,0,0,1,0,0,2,0,0,_,_,0;0,0,0,0,0,0,0,0,1,0,0,0,_,0,0;0,0,2,0,0,0,0,0,0,0,0,0,_,_,0;2,0,0,0,0,0,0,0,1,0,0,0,0,_,0;0,0,0,0,0,1,0,0,0,0,0,0,0,0,0;0,0,0,0,0,0,0,0,0,0,0,0,0,0,0;0,2,2,0,0,0,0,0,0,0,1,0,0,2,0;0,0,0,2,0,0,0,0,0,0,0,0,0,0,0;0,0,0,0,0,0,0,0,0,0,0,0,0,2,0;0,0,-,-,-,0,1,0,2,2,0,2,2,0,0;0,0,-,0,-,2,2,2,0,2,2,0,2,0,0;0,0,0,0,-,*,0,2,0,0,0,0,0,0,0;0,2,0,0,0,0,2,0,0,0,0,0,0,0,0;2,0,1,0,0,0,1,2,0,0,0,2,1,0,0|(5, 12),(13, 1)
0,0,2,0,0,2,0,0,0,2,0,0,0,0,0;0,0,0,0,0,0,1,0,0,2,0,0,-,*,0;0,0,0,0,0,0,0,0,1,0,0,0,-,0,0;0,0,2,0,0,0,0,0,0,0,0,0,-,-,0;2,0,0,0,0,0,0,0,1,0,0,0,0,-,0;0,0,0,0,0,1,0,0,0,0,0,0,0,0,0;0,0,0,0,0,0,0,0,0,0,0,0,0,0,0;0,2,2,0,0,0,0,0,0,0,1,0,0,2,0;0,0,0,2,0,0,0,0,0,0,0,0,0,0,0;0,0,0,0,0,0,0,0,0,0,0,0,0,2,0;0,0,_,_,_,0,1,0,2,2,0,2,2,0,0;0,0,_,0,_,2,2,2,0,2,2,0,2,0,0;0,0,0,0,_,_,0,2,0,0,0,0,0,0,0;0,2,0,0,0,0,2,0,0,0,0,0,0,0,0;2,0,1,0,0,0,1,2,0,0,0,2,1,0,0|(5, 12),(13, 1)
0,0,2,0,0,2,0,0,0,2,0,0,0,0,0;0,0,0,0,0,0,1,0,0,2,0,0,_,_,0;0,0,0,0,0,0,0,0,1,0,0,0,_,_,0;0,0,2,0,0,0,0,0,0,0,0,0,_,_,0;2,0,0,0,0,0,0,0,1,0,0,0,0,0,0;0,0,0,0,0,1,0,0,0,0,0,0,0,0,0;0,0,0,0,0,0,0,0,0,0,0,0,0,0,0;0,2,2,0,0,0,0,0,0,0,1,0,0,2,0;0,0,0,2,0,0,0,0,0,0,0,0,0,0,0;0,0,0,0,0,0,0,0,0,0,0,0,0,2,0;0,0,-,-,-,0,1,0,2,2,0,2,2,0,0;0,0,0,0,-,2,2,2,0,2,2,0,2,0,0;0,0,0,0,-,-,*,2,0,0,0,0,0,0,0;0,2,0,0,0,0,2,0,0,0,0,0,0,0,0;2,0,1,0,0,0,1,2,0,0,0,2,1,0,0|(6, 12),(13, 2)
0,0,2,0,0,2,0,0,0,2,0,0,0,0,0;0,0,0,0,0,0,1,0,0,2,0,0,-,-,0;0,0,0,0,0,0,0,0,1,0,0,0,-,*,0;0,0,2,0,0,0,0,0,0,0,0,0,-,-,0;2,0,0,0,0,0,0,0,1,0,0,0,0,0,0;0,0,0,0,0,1,0,0,0,0,0,0,0,0,0;0,0,0,0,0,0,0,0,0,0,0,0,0,0,0;0,2,2,0,0,0,0,0,0,0,1,0,0,2,0;0,0,0,2,0,0,0,0,0,0,0,0,0,0,0;0,0,0,0,0,0,0,0,0,0,0,0,0,2,0;0,0,_,_,_,0,1,0,2,2,0,2,2,0,0;0,0,0,0,_,2,2,2,0,2,2,0,2,0,0;0,0,0,0,_,_,_,2,0,0,0,0,0,0,0;0,2,0,0,0,0,2,0,0,0,0,0,0,0,0;2,0,1,0,0,0,1,2,0,0,0,2,1,0,0|(6, 12),(13, 2)
0,0,2,0,0,2,0,0,0,2,0,0,0,0,0;0,0,0,0,0,0,1,0,0,2,0,0,_,_,0;0,0,0,0,0,0,0,0,1,0,0,0,_,_,_;0,0,2,0,0,0,0,0,0,0,0,0,_,0,0;2,0,0,0,0,0,0,0,1,0,0,0,0,0,0;0,0,0,0,0,1,0,0,0,0,0,0,0,0,0;0,0,0,0,0,0,0,0,0,0,0,0,0,0,0;0,2,2,0,0,0,0,0,0,0,1,0,0,2,0;0,0,0,2,0,0,0,0,0,0,0,0,0,0,0;0,0,0,0,0,0,0,0,0,0,0,0,0,2,0;0,0,-,-,-,0,1,0,2,2,0,2,2,0,0;0,0,0,0,-,2,2,2,0,2,2,0,2,0,0;0,0,0,0,-,-,-,2,0,0,0,0,0,0,0;0,2,0,0,0,0,2,0,0,0,0,0,0,0,0;2,0,1,0,0,0,1,2,0,0,0,2,1,0,0|(14, 2)
0,0,2,0,0,2,0,0,0,2,0,0,0,0,0;0,0,0,0,0,0,1,0,0,2,0,0,-,-,0;0,0,0,0,0,0,0,0,1,0,0,0,-,-,*;0,0,2,0,0,0,0,0,0,0,0,0,-,0,0;2,0,0,0,0,0,0,0,1,0,0,0,0,0,0;0,0,0,0,0,1,0,0,0,0,0,0,0,0,0;0,0,0,0,0,0,0,0,0,0,0,0,0,0,0;0,2,2,0,0,0,0,0,0,0,1,0,0,2,0;0,0,0,2,0,0,0,0,0,0,0,0,0,0,0;0,0,0,0,0,0,0,0,0,0,0,0,0,2,0;0,0,_,_,_,0,1,0,2,2,0,2,2,0,0;0,0,0,0,_,2,2,2,0,2,2,0,2,0,0;0,0,0,0,_,_,_,2,0,0,0,0,0,0,0;0,2,0,0,0,0,2,0,0,0,0,0,0,0,0;2,0,1,0,0,0,1,2,0,0,0,2,1,0,0|(14, 2)